1 7434653 0.24501073
2 92073 0.4094414
3 24537 0.52010226
4 11333 0.6015323
5 6714 0.6665842
6 3998 0.7134807
7 2954 0.75217754
8 2251 0.78409034
9 1661 0.80852526
10 1466 0.83034074
11 1204 0.848373
12 1070 0.8643913
13 769 0.87544316
14 712 0.8847454
15 640 0.89225686
16 539 0.8976924
17 440 0.9010638
18 449 0.903347
19 381 0.904301
20 345 0.90404546
21 293 0.90275204
22 330 0.9001955
23 329 0.896878
24 232 0.89389116
25 247 0.88977045
26 178 0.8860022
27 221 0.8804027
28 160 0.8757799
29 151 0.87062305
30 162 0.8642667
31 120 0.85888755
32 88 0.854234
33 123 0.8470155
34 88 0.8411095
35 87 0.8346068
36 78 0.82808006
37 70 0.8217262
38 72 0.8144186
39 65 0.8072912
40 61 0.79995
41 71 0.79068804
42 60 0.7823771
43 48 0.77509063
44 60 0.7654415
45 30 0.7601151
46 60 0.74903023
47 48 0.7394948
48 33 0.7325539
49 43 0.72289777
50 54 0.71003777
51 69 0.69293135
52 34 0.68417287
53 25 0.6773008
54 34 0.6675652
55 25 0.6599567
56 24 0.65234333
57 29 0.6427057
58 31 0.6317508
59 34 0.6194171
60 30 0.608032
61 14 0.602546
62 18 0.5952666
63 17 0.5881747
64 14 0.5819475
65 11 0.5766678
66 22 0.56615275
67 11 0.56045586
68 18 0.551109
69 15 0.54288447
70 8 0.5385215
71 9 0.5332763
72 13 0.5255146
73 10 0.51915705
74 11 0.5118339
75 9 0.5058005
76 12 0.49769688
77 12 0.48931524
78 3 0.48728368
79 9 0.4804507
80 10 0.47251144
81 11 0.46339837
82 9 0.4559525
83 8 0.44925293
84 6 0.4438012
85 6 0.43821517
86 14 0.4251788
87 10 0.415559
88 25 0.39088583
89 5 0.3858223
90 7 0.37833065
91 5 0.37299037
92 6 0.36634263
93 5 0.36077052
94 5 0.35508206
95 4 0.35053915
96 3 0.3472122
97 4 0.3424591
98 5 0.336256
99 9 0.32494766
100 253 1.192093E-7
