30.38 92.77 3.23
13.00 81.35 4.00
27.00 97.69 2.00
34.93 87.25 2.39
161.00 97.81 2.00
20.40 83.90 4.00
18.00 81.15 2.00
83.91 93.36 2.00
29.93 91.53 3.92
57.00 99.29 4.00
21.30 68.70 2.00
92.25 99.94 4.00
28.20 99.60 4.00
31.00 95.28 4.00
65.60 92.70 1.00
98.61 98.91 4.00
52.00 94.21 4.00
55.00 96.80 4.00
39.38 94.18 4.00
42.18 58.29 1.00
84.70 98.80 2.00
19.00 22.90 1.60
18.20 51.80 2.00
103.52 99.91 4.00
50.00 73.08 1.00
95.17 88.28 3.83
41.00 49.60 1.87
12.00 18.02 2.00
63.79 86.72 3.87
17.00 54.59 1.95
43.98 11.86 0.00
42.00 83.18 3.12
130.22 95.69 3.73
25.24 55.47 1.89
191.00 78.68 2.00
162.43 97.81 3.73
12.00 33.54 1.90
77.31 55.60 0.89
91.23 3.31 0.00
11.64 50.18 1.45
31.00 32.79 1.00
13.00 49.53 2.00
25.00 78.12 2.00
69.91 98.41 3.77
90.07 56.43 3.00
390.00 100.00 2.00
394.96 99.37 1.00
72.75 97.58 3.00
70.00 35.57 0.00
35.41 98.35 0.41
107.54 54.74 0.87
17.90 46.30 2.60
62.67 17.19 0.01
15.00 69.18 3.00
69.04 60.96 1.88
217.78 97.50 2.00
274.27 76.52 0.61
50.00 64.39 2.00
40.32 93.04 3.00
21.59 32.47 0.76
30.54 57.23 2.00
73.03 23.97 -0.02
97.10 18.90 1.00
92.37 45.67 0.97
35.01 45.07 1.00
69.41 30.06 0.67
29.18 25.24 1.00
107.87 91.95 2.00
75.17 52.03 1.00
30.42 19.17 -0.04
13.00 64.17 1.67
19.00 5.25 0.00
42.00 60.53 0.00
25.97 12.57 0.00
57.00 27.07 1.00
13.00 5.69 1.00
43.36 40.96 1.00
87.00 93.19 2.00
20.00 81.60 2.20
28.74 55.35 2.00
13.00 4.63 0.00
40.00 0.38 -0.06
82.35 61.20 0.70
22.07 16.91 -0.02
83.54 48.27 0.79
20.47 0.00 0.00
65.75 48.19 -0.06
121.00 85.40 1.00
24.82 30.91 0.82
16.00 3.94 0.94
103.00 55.31 2.00
94.40 98.79 2.00
73.20 1.95 -0.30
16.95 0.82 0.00
53.78 71.24 2.00
70.72 40.15 0.00
19.14 2.57 0.00
49.08 26.00 0.00
117.75 88.54 1.38
238.00 57.57 1.00
54.00 27.72 -0.10
47.60 37.60 2.00
194.88 87.29 0.53
21.00 34.73 1.00
15.61 35.33 0.89
18.73 1.73 -0.27
70.00 42.40 1.00
33.00 65.18 1.00
11.30 0.00 0.00
133.00 48.30 0.00
53.09 80.11 1.11
33.23 28.40 -0.05
57.56 88.66 2.00
64.84 55.79 2.00
52.49 92.46 4.00
168.14 100.00 2.00
40.00 85.16 2.00
